8.585963079544978844e-05
6.412890380993068220e+02
6.412890380993068220e+02
6.412890380993068220e+02
6.412890380993068220e+02
6.412890380993068220e+02
6.412890380993068220e+02
6.412890380993068220e+02
6.412890380993068220e+02
6.412890380993068220e+02
6.412890380993068220e+02
6.412890380993068220e+02
6.412890380993068220e+02
6.412890380993068220e+02
6.412890380993068220e+02
6.412890380993068220e+02
6.412890380993068220e+02
6.412890380993068220e+02
6.412890380993068220e+02
6.412890380993068220e+02
6.412890380993068220e+02
2.392863651511265122e+00
