5.040250116804045888e+00
-6.333715891930000730e+00
-1.364904552619999878e+00
4.444666759119999533e+00
-1.537083824170000002e+00
8.526847378959999668e-01
-5.597793260940000376e-02
-2.486525633149999859e+00
1.432459253939999844e+00
3.755671941909999756e+00
1.156544837260000014e+00
1.024544214960000144e+00
6.196407123639999792e-01
-3.134097227779999884e+00
1.643146263300000021e+00
1.078241287739999832e+00
-2.153909764099999791e+00
1.042519474229999910e+00
3.021700667379999761e+00
-3.990893314489999955e-01
6.789943641859999879e+00
5.653338434140000146e+00
4.110412371849999857e+00
6.482407635920000466e+00
6.976720831599999784e+00
6.266481409869999908e+00
7.388567783400000089e+00
6.899487638360001007e+00
6.220480361179999917e+00
8.994201774380000458e+00
7.253615178680000497e+00
7.403559079469999915e+00
7.024179752610000271e+00
7.739560892710000140e+00
7.884431313280000353e+00
7.644809655750000488e+00
6.355368113870000002e+00
5.133517851309999713e+00
4.247950578610000250e+00
5.830442578919999619e+00
2.418781545049999870e+00
