   0.0000000e+00
  -5.0402501e+00
  -6.3337159e+00
  -1.3649046e+00
   4.4446668e+00
  -1.5370838e+00
   8.5268474e-01
  -5.5977933e-02
  -2.4865256e+00
   1.4324593e+00
   3.7556719e+00
   1.1565448e+00
   1.0245442e+00
   6.1964071e-01
  -3.1340972e+00
   1.6431463e+00
   1.0782413e+00
  -2.1539098e+00
   1.0425195e+00
   3.0217007e+00
  -3.9908933e-01
   6.7899436e+00
   5.6533384e+00
   4.1104124e+00
   6.4824076e+00
   6.9767208e+00
   6.2664814e+00
   7.3885678e+00
   6.8994876e+00
   6.2204804e+00
   8.9942018e+00
   7.2536152e+00
   7.4035591e+00
   7.0241798e+00
   7.7395609e+00
   7.8844313e+00
   7.6448097e+00
   6.3553681e+00
   5.1335179e+00
   4.2479506e+00
   5.8304426e+00
   2.4187815e+00
